 Node            Displacements                Applied/reaction forces
number     1-direction     2-direction      1-direction     2-direction
     1     0.000000000    -0.200000000     -0.200000000     0.000000000
     2     0.200000000    -1.165685425      0.000000000     0.000000000
     3     0.400000000    -2.531370850      0.000000000    -0.000000000
     4     0.000000000     0.000000000      0.200000000     0.100000000
     5    -0.400000000    -1.165685425     -0.000000000     0.000000000
     6    -0.400000000    -2.731370850      0.000000000    -0.100000000
                                            ___________     ___________
                              Summation     0.000000000     0.000000000

Element                    Element strain                                   Element Stress
number      1-direction     2-direction     3-direction      1-direction     2-direction     3-direction
      1    -0.100000000                                     -0.100000000
      2     0.141421356                                      0.141421356
      3    -0.000000000                                     -0.000000000
      4    -0.141421356                                     -0.141421356
      5     0.100000000                                      0.100000000
      6    -0.200000000                                     -0.200000000
      7     0.000000000                                      0.000000000
      8     0.100000000                                      0.100000000
      9     0.100000000                                      0.100000000
